5000
a->b->c->d->s
a: 0.00007
b: 0.0005
c: 0.00013
d: 0.00022
s: 0
